97,97,94,93,88,84,90,88,79,74,71,67,67,65,63,66,61,65,64,62,60,60,59,54,49,47,43,46,50,44,51,48,40,38,41,39,38,48,106,133,125,121,113,117,123,125,125,122,121,109,109,108,107,106,109,109,119,112,117,109,118,127,140,152,163,173,174,179,184,180,172,173,181,183,188,193,198,205,210,216,222,228,230,231,228,224,216,212,207,205,191,171,152,141,116,89,73,69,71,69,62,69,69,70,70,73,71,73,74,74,75,75
98,99,91,93,89,83,91,85,76,76,77,68,73,71,60,61,60,57,61,60,57,58,55,53,54,52,47,50,55,50,47,48,45,37,40,39,41,53,121,133,122,119,112,113,120,124,125,129,117,105,104,108,105,106,106,106,110,109,117,112,134,140,155,168,176,179,185,184,187,180,165,156,160,171,186,190,197,202,206,214,221,226,229,229,228,226,220,216,210,212,201,185,161,148,131,106,80,71,71,73,67,72,68,70,75,72,74,75,75,75,74,74
106,107,105,91,89,85,83,79,76,81,75,68,71,67,65,61,62,57,63,59,57,52,54,59,63,59,54,53,45,49,48,47,44,39,39,39,41,71,126,129,124,116,114,122,124,127,128,120,113,101,102,109,112,108,109,102,103,105,109,123,138,146,161,174,185,186,189,191,189,178,164,152,145,157,172,186,196,205,212,217,221,224,226,225,225,225,221,215,213,212,203,194,176,160,145,123,100,78,80,87,89,84,78,72,71,73,73,73,74,74,74,75
155,151,153,132,111,93,90,82,78,80,77,70,73,75,69,61,62,58,63,56,53,54,61,65,59,52,54,56,52,51,50,48,42,40,39,40,46,87,130,131,129,119,121,120,129,122,121,111,102,103,104,117,119,106,105,99,105,99,116,134,146,154,169,181,189,186,190,194,190,177,162,143,130,134,152,174,195,204,211,217,221,221,221,222,224,225,217,211,207,207,197,195,183,163,153,137,118,90,83,86,86,85,86,78,71,69,71,74,74,74,74,72
125,123,123,129,122,116,101,91,84,85,73,66,72,72,68,62,58,58,59,57,63,65,56,56,56,48,52,50,48,49,50,47,44,43,40,37,49,103,128,131,128,126,123,123,122,117,113,104,100,97,102,109,110,109,106,101,112,107,126,139,146,164,169,176,185,190,192,196,188,174,154,136,119,109,128,156,190,197,207,217,221,220,220,221,222,221,217,210,203,200,193,190,184,169,159,141,124,90,82,83,83,82,81,76,76,69,71,73,72,75,74,73
84,84,83,90,91,91,91,95,106,105,87,79,76,66,67,60,60,59,60,62,68,67,59,55,54,54,52,48,46,50,49,49,50,44,39,39,52,116,123,130,125,128,127,122,125,125,116,103,100,104,104,107,98,112,109,99,96,114,114,135,142,158,168,176,182,183,192,185,180,164,138,121,107,89,96,146,181,197,205,212,223,225,223,224,227,227,224,213,204,199,197,192,180,169,160,143,126,98,84,84,87,84,86,80,81,74,71,73,72,74,72,69
78,75,79,82,84,85,83,85,90,91,97,98,102,91,77,66,65,60,71,72,65,59,62,59,56,55,56,46,48,48,47,45,43,40,39,39,67,128,128,124,118,123,124,133,127,121,109,103,100,105,111,108,105,109,97,97,90,100,108,116,135,143,152,158,166,177,187,177,163,152,135,115,98,82,82,121,166,193,203,209,215,224,226,226,232,234,232,222,210,199,194,190,178,169,163,148,128,101,85,84,85,84,86,85,72,75,73,73,73,74,72,75
86,76,80,90,92,94,95,93,93,91,87,86,91,101,104,106,94,88,72,64,61,57,59,61,58,56,50,49,49,48,46,44,44,41,40,40,83,124,127,125,122,126,136,132,119,110,105,105,111,114,106,107,112,103,98,100,91,98,101,104,126,133,137,146,153,165,171,165,155,146,127,112,96,75,92,116,159,186,196,203,210,219,223,230,238,237,235,227,218,209,204,195,182,167,162,152,132,106,89,85,88,86,86,89,79,74,70,67,72,72,73,74
100,79,79,83,92,93,98,98,98,100,100,97,95,93,94,95,98,99,94,90,75,63,60,51,50,59,49,46,48,50,46,49,46,42,43,44,101,127,129,128,124,133,138,124,125,121,112,103,105,106,101,102,102,97,95,91,90,98,95,104,115,125,137,150,161,167,157,153,147,143,127,115,96,82,87,123,153,180,194,200,206,211,212,220,227,226,232,231,226,216,213,208,195,182,174,161,142,112,87,88,91,88,85,90,83,73,71,66,66,69,72,71
110,88,76,81,88,95,100,102,105,107,107,108,109,103,103,99,92,89,85,86,89,87,90,77,72,68,62,49,50,43,46,46,46,45,36,42,114,128,132,130,129,137,128,124,127,115,109,112,109,106,103,101,101,100,104,100,97,97,89,100,108,134,143,153,160,158,158,155,145,139,134,124,109,98,81,115,157,172,183,194,198,200,200,201,210,212,221,225,228,223,216,213,204,191,184,178,156,127,94,94,94,90,87,89,80,73,68,67,68,67,70,68
102,106,79,81,87,93,99,99,101,106,108,106,113,113,114,109,103,102,98,87,83,83,82,92,107,110,114,110,105,79,60,51,56,48,47,50,122,127,129,132,137,140,133,132,131,154,161,162,170,160,146,135,136,145,154,154,147,148,151,167,174,181,192,190,187,185,180,178,161,141,120,115,111,102,92,115,153,169,176,183,186,188,191,192,194,200,207,216,219,217,211,211,205,195,190,179,172,147,114,102,99,95,90,92,84,68,67,66,69,71,67,68
107,108,89,76,88,91,95,93,93,96,100,106,109,109,112,112,110,108,105,101,98,90,85,81,82,90,106,117,124,127,125,113,113,117,114,89,130,134,129,138,145,148,160,187,199,192,191,193,194,188,174,174,167,182,185,195,201,200,203,207,205,207,204,212,211,210,210,207,194,182,162,134,121,113,112,126,141,150,153,159,166,172,178,178,181,194,194,197,202,202,198,188,178,159,137,131,129,129,131,131,123,105,94,87,84,65,63,65,66,70,68,66
104,102,105,81,86,92,97,89,89,91,91,91,91,98,101,104,105,103,104,102,102,103,100,95,87,76,85,101,105,115,120,114,108,131,188,182,178,173,174,187,200,206,202,204,207,211,209,201,198,201,201,186,191,204,205,204,214,224,223,225,230,223,211,220,228,223,215,210,204,198,207,210,194,174,159,154,154,145,141,140,141,139,147,150,158,165,174,176,167,146,125,116,115,119,116,117,116,113,113,111,122,116,103,89,86,65,62,65,67,63,68,67
99,99,108,99,86,90,88,89,83,81,80,81,82,86,94,91,93,94,92,94,93,100,108,108,107,99,83,84,84,92,96,92,102,125,175,188,190,193,200,212,214,218,218,221,223,224,222,204,204,210,202,198,206,216,219,227,227,236,233,230,232,232,224,233,231,220,214,212,207,216,230,231,222,211,201,192,183,172,156,135,125,121,118,116,123,120,120,120,119,114,106,107,107,106,105,104,105,102,102,99,100,102,108,98,83,65,60,62,69,64,63,66
97,97,101,109,100,96,93,93,85,77,78,76,78,83,81,83,81,85,85,80,77,80,89,99,110,108,101,78,72,86,95,104,117,147,179,180,192,205,215,218,225,223,221,229,242,238,242,237,227,230,211,214,228,233,234,240,242,243,243,244,240,236,239,242,240,224,216,215,218,232,227,205,198,195,189,184,178,167,153,139,127,120,120,120,120,112,111,108,108,110,105,108,109,109,109,112,108,105,101,100,100,95,105,109,82,65,64,57,58,63,65,64
99,92,88,98,111,104,95,92,85,76,74,75,80,80,78,74,79,79,81,81,77,72,75,87,103,111,111,89,88,100,106,144,159,177,190,181,202,217,226,218,217,221,218,225,231,224,219,214,217,217,226,231,240,246,244,245,246,247,246,244,246,242,242,243,235,232,223,223,227,222,202,157,155,155,153,151,147,125,115,108,114,115,106,99,103,108,110,106,112,113,109,112,112,112,110,111,107,105,105,102,99,97,105,114,109,81,74,77,70,63,64,67
96,99,93,88,101,111,98,96,87,84,78,78,79,81,79,78,79,79,79,77,73,74,76,84,107,120,117,103,101,129,171,194,203,212,214,217,222,218,220,226,219,226,217,206,205,199,200,200,197,196,205,203,220,231,238,245,246,246,247,247,244,244,245,244,239,238,231,229,229,208,163,122,112,117,117,115,110,96,94,98,105,107,106,108,108,109,109,109,109,109,111,111,113,112,111,110,108,105,106,106,106,95,98,121,166,104,75,72,71,72,71,75
105,95,87,86,87,97,107,95,87,84,78,78,78,80,81,76,77,77,73,69,70,69,69,76,90,102,107,111,127,159,187,206,215,221,221,221,219,217,218,224,214,201,188,184,190,184,182,179,173,172,190,200,209,213,216,232,242,244,244,244,243,244,245,244,244,243,240,234,229,196,147,114,100,96,94,95,86,90,94,107,112,112,107,108,104,102,103,100,104,103,106,106,108,108,107,106,105,105,106,106,106,101,101,113,116,81,72,68,78,76,75,79
104,97,85,82,79,83,98,109,94,91,85,80,75,81,83,81,79,77,78,73,70,67,61,73,86,99,101,98,117,154,181,197,219,214,219,217,218,218,217,213,203,187,182,172,169,174,169,153,144,169,200,204,204,205,209,213,222,233,237,243,243,244,245,246,246,244,243,235,233,204,157,123,103,89,88,76,80,93,102,116,115,113,101,95,92,92,92,94,87,91,96,97,100,104,101,102,104,100,104,107,106,104,101,95,78,71,74,78,75,80,81,88
103,92,84,79,82,76,88,101,117,100,93,87,80,75,78,80,85,80,79,77,74,67,58,69,80,90,100,105,122,144,183,200,210,223,224,216,228,232,223,208,195,184,173,172,165,165,156,145,152,174,202,197,200,201,203,199,208,214,223,238,243,244,245,246,246,244,243,243,232,193,167,130,107,92,79,79,82,101,111,116,113,103,86,79,74,82,82,84,87,89,91,94,97,99,101,105,103,104,109,112,112,99,108,83,67,70,71,77,69,88,90,97
100,92,81,76,74,73,70,81,116,118,103,99,93,83,79,79,78,76,83,78,78,71,65,69,69,74,80,106,107,120,151,180,198,216,218,221,228,225,206,195,176,182,187,175,164,166,161,155,171,192,206,201,202,197,193,189,194,203,211,225,237,244,241,244,242,237,238,228,205,182,161,140,116,90,73,74,87,100,112,118,109,91,77,70,67,72,79,85,83,86,98,93,94,99,98,101,104,111,115,117,111,100,103,69,67,72,75,76,70,73,78,92
98,93,80,77,77,69,74,71,81,104,122,110,102,101,92,87,84,85,81,84,78,76,72,72,72,90,112,115,99,112,134,170,207,220,215,225,227,218,208,197,191,187,183,174,174,169,178,184,182,197,199,203,196,194,194,192,191,194,204,215,224,226,229,230,227,222,220,207,186,173,162,146,124,97,79,73,85,101,113,119,109,83,75,75,60,70,78,85,84,91,93,91,97,102,103,106,109,111,119,124,109,103,94,60,58,69,75,72,69,65,62,72
105,94,80,77,74,66,74,67,69,66,105,127,111,103,104,99,93,95,96,90,82,80,76,77,101,116,138,129,97,109,136,172,205,218,221,224,227,219,209,201,202,198,188,186,190,193,197,198,189,199,201,204,192,190,192,193,181,177,188,200,213,218,226,229,230,230,216,213,196,183,173,154,128,108,91,80,87,98,108,103,89,86,91,68,66,64,77,82,89,94,97,99,97,104,108,112,112,117,125,143,135,106,85,56,57,55,55,63,81,67,62,53
108,90,80,81,76,66,66,63,63,63,71,106,112,93,81,65,88,102,97,83,87,86,83,96,119,149,162,141,107,127,158,184,200,211,209,223,221,211,201,200,195,192,193,205,200,211,211,197,203,200,196,185,184,192,185,196,194,188,189,196,202,207,222,227,224,234,227,219,214,198,178,160,135,122,105,88,100,96,91,99,113,116,98,84,67,69,80,89,91,102,104,101,105,107,112,111,115,122,131,141,177,182,130,62,49,52,60,65,65,69,67,71
96,80,75,77,75,71,70,62,63,59,63,82,126,116,94,82,108,115,99,95,90,92,100,124,149,164,176,141,111,139,166,187,200,202,217,232,225,210,204,202,189,188,201,212,218,207,200,196,204,203,206,202,191,183,179,195,202,196,197,210,203,210,216,220,223,233,234,226,212,196,181,166,135,117,102,100,84,84,97,126,147,142,114,90,74,76,89,91,98,100,100,103,107,107,111,111,112,123,129,140,185,210,191,144,65,51,51,56,71,81,84,75
104,84,76,77,74,69,66,67,63,65,64,65,79,113,131,128,139,131,120,108,103,105,113,141,188,208,190,126,123,147,171,182,202,216,230,243,221,206,204,213,219,212,224,230,228,223,217,210,206,203,214,212,195,177,178,185,195,199,199,205,211,219,217,215,223,226,222,218,211,201,183,164,144,127,113,104,93,97,131,158,164,155,126,105,91,84,89,98,100,105,104,108,113,115,109,118,121,130,122,133,131,153,157,139,135,88,50,54,53,61,76,87
115,90,72,74,70,66,67,65,66,68,64,62,63,69,130,153,156,157,136,121,113,116,153,198,209,212,169,101,119,154,160,188,204,210,225,223,226,227,222,221,229,233,237,244,240,236,227,220,215,214,216,214,195,177,170,171,177,189,198,195,201,206,216,218,228,234,238,227,214,194,176,163,151,137,111,112,115,124,147,159,167,160,145,125,103,92,97,100,105,111,109,109,118,122,125,126,133,131,120,108,94,178,180,137,87,63,38,42,54,47,47,59
106,102,79,78,71,68,64,64,64,66,66,70,59,59,82,139,163,149,144,139,138,150,180,201,204,206,144,98,137,157,163,182,192,204,211,221,239,244,246,242,239,242,241,245,234,223,223,217,213,214,220,228,210,195,186,186,181,183,194,200,196,187,191,199,223,227,219,209,196,182,172,171,167,147,111,110,128,139,146,155,164,166,164,149,124,111,102,104,107,111,110,116,130,132,131,132,146,142,116,70,115,158,240,184,149,59,45,36,42,44,48,48
82,97,86,75,66,67,67,62,64,57,64,67,60,56,58,80,94,115,136,141,152,157,184,215,231,198,126,106,145,156,153,172,202,209,223,237,243,245,246,243,235,237,241,242,225,220,214,209,214,219,231,236,223,208,207,209,203,192,194,200,197,189,178,190,217,212,207,189,176,180,179,169,162,150,124,116,130,147,146,152,164,173,176,162,135,120,108,104,105,111,113,127,137,134,138,149,155,150,107,70,90,78,132,141,133,128,61,38,42,48,48,47
51,69,98,73,70,67,61,62,60,60,59,65,59,60,57,52,56,77,116,131,144,173,194,218,235,179,101,119,155,160,161,201,209,213,217,222,215,230,241,233,224,217,216,224,217,222,215,207,216,221,229,229,227,232,239,229,213,203,194,195,200,187,184,184,177,183,187,180,182,183,175,173,160,149,125,111,126,149,163,155,161,180,186,173,148,119,104,116,120,126,128,138,133,133,154,154,160,137,118,85,59,67,52,70,118,82,92,45,39,42,44,43
54,56,95,75,73,67,67,57,58,62,66,66,62,59,53,55,59,53,62,91,142,170,170,214,216,153,97,140,163,159,159,188,213,220,221,216,217,233,246,238,210,207,209,211,207,204,199,202,211,213,219,221,237,243,243,236,222,209,206,208,215,211,208,199,188,182,178,172,168,175,173,164,153,134,104,95,117,158,183,177,169,183,178,169,148,115,108,116,123,132,142,148,149,155,167,178,166,131,117,108,80,46,36,35,81,90,56,40,43,40,48,41
45,62,96,77,71,67,69,63,64,65,67,75,64,59,57,54,47,45,49,71,135,151,172,181,152,108,108,152,169,177,174,173,181,164,211,221,223,233,247,234,204,182,197,198,195,197,192,198,202,198,204,223,242,230,213,202,198,205,212,215,222,223,215,206,187,175,177,167,163,173,176,165,155,124,101,91,92,159,195,210,199,197,189,172,143,121,116,125,131,137,149,165,171,176,191,207,182,130,107,108,84,43,33,32,37,36,37,42,39,41,44,44
76,70,93,74,67,69,68,67,63,68,66,67,73,59,55,46,47,42,46,50,68,108,103,112,109,102,121,162,187,205,196,169,151,142,124,159,175,192,231,219,185,176,182,187,186,178,184,193,192,192,214,238,231,214,209,201,202,202,218,231,223,224,219,198,165,158,165,164,164,158,159,164,141,115,101,76,79,140,214,230,221,207,201,188,153,147,140,140,142,151,164,175,189,203,220,215,185,144,112,93,78,39,30,29,29,34,37,37,38,38,44,43
250,243,121,76,72,72,77,71,66,68,68,63,60,58,54,49,44,49,45,46,46,48,48,55,92,127,123,161,173,178,177,172,137,116,110,117,127,166,197,194,197,174,178,173,171,164,176,189,178,172,217,238,223,210,215,217,197,168,172,197,233,241,244,245,227,200,183,174,175,172,166,162,130,101,87,74,70,115,193,212,231,217,210,191,158,153,152,152,153,157,168,200,219,230,230,229,206,167,134,96,62,43,30,31,28,28,30,32,33,35,34,37
251,242,133,86,74,79,78,71,70,72,72,70,65,65,56,47,47,50,46,51,46,46,51,46,41,72,116,154,145,149,147,150,140,105,97,106,133,160,198,183,189,174,174,177,173,174,182,181,169,170,178,211,212,188,186,162,127,106,117,132,143,168,197,217,238,242,235,209,199,192,178,167,145,116,87,73,59,68,133,162,189,193,185,174,155,152,156,157,158,162,199,230,238,233,229,229,220,186,150,113,70,39,32,31,25,29,30,31,30,30,34,35
254,252,167,108,100,87,82,79,75,72,72,67,67,63,57,50,52,51,48,47,45,47,39,32,36,44,107,119,104,90,84,81,79,82,76,105,143,176,195,198,182,172,168,180,174,168,175,175,173,166,172,190,185,158,141,119,102,95,120,143,160,182,195,197,190,194,211,226,199,181,167,150,139,118,84,65,60,72,86,117,132,145,153,149,149,142,147,153,156,169,220,241,247,244,230,225,215,202,173,129,108,78,43,31,28,24,31,29,32,31,33,31
254,251,228,117,109,100,93,81,74,73,68,67,69,59,55,51,53,52,50,55,57,56,61,62,62,54,110,117,115,82,83,119,122,73,66,87,125,146,163,186,191,191,181,169,169,168,174,180,178,176,176,176,157,142,124,112,99,106,120,118,121,122,143,172,180,166,148,172,172,159,154,137,114,86,70,56,64,72,86,92,95,110,117,123,130,134,143,140,133,154,218,244,245,246,231,214,204,193,173,145,105,121,100,50,32,26,27,26,28,34,33,32
252,253,252,174,113,108,104,91,70,71,74,72,75,64,62,59,55,50,55,50,58,63,54,63,63,54,122,158,150,113,82,72,51,77,68,75,108,123,146,186,184,180,176,181,167,167,175,178,187,186,170,146,167,152,134,98,81,76,61,64,69,71,89,90,94,100,102,132,141,140,138,125,90,69,63,53,50,70,80,96,100,101,105,104,110,119,122,125,121,149,206,229,242,238,218,203,200,188,165,138,124,109,125,101,56,28,28,24,26,21,27,31
253,253,252,248,124,106,106,102,85,72,72,71,69,74,62,59,53,58,57,53,52,57,58,64,59,70,95,187,191,145,104,73,70,75,69,76,91,110,138,185,185,191,185,173,163,173,185,187,183,195,173,148,135,129,116,86,66,67,65,103,133,72,70,69,80,84,83,91,106,113,116,100,74,61,51,52,59,74,77,91,98,110,111,105,104,112,114,117,119,149,191,217,222,209,193,183,189,191,169,135,123,119,110,110,90,50,28,29,25,26,25,25
253,253,253,233,126,107,108,107,88,75,69,64,61,58,53,51,52,49,48,50,50,53,54,56,59,58,72,160,212,160,106,119,107,69,56,70,85,116,160,174,198,198,185,179,166,168,184,190,185,199,172,150,139,114,86,63,66,94,82,58,53,52,61,70,87,75,66,81,95,101,95,82,86,80,76,80,88,92,101,105,111,113,115,115,107,112,115,121,127,155,189,201,197,186,172,168,172,166,165,127,106,100,100,102,107,99,76,36,26,21,24,24
253,253,252,233,88,108,118,107,107,82,71,68,63,60,53,47,49,53,46,44,50,43,50,51,49,49,60,100,222,215,125,72,65,62,82,94,111,134,192,197,193,189,182,170,165,167,180,191,183,173,159,137,114,102,82,74,67,77,60,82,78,90,98,109,74,64,82,99,103,110,126,131,145,130,117,117,117,117,124,115,115,116,118,116,111,113,126,127,142,182,204,184,173,153,144,138,147,149,136,122,94,96,92,89,97,108,106,95,51,23,20,23
249,252,252,232,91,66,109,111,104,84,74,62,62,57,55,51,48,52,42,43,46,48,52,45,50,45,57,59,181,216,182,112,78,82,104,103,134,170,186,208,204,192,187,176,175,175,173,186,192,174,156,136,120,109,97,84,81,73,67,59,64,79,70,61,54,78,103,107,122,144,172,181,169,155,153,146,139,137,136,128,125,121,119,118,112,125,133,142,169,203,201,168,150,139,126,125,128,146,138,112,95,89,84,81,88,105,114,107,100,74,34,23
246,204,157,127,73,58,61,104,99,95,74,63,56,58,53,56,51,52,49,49,47,45,56,49,53,50,46,51,96,215,202,171,126,109,114,104,133,191,213,214,207,205,189,183,177,177,183,184,188,179,156,138,130,121,101,92,89,80,77,66,60,57,56,64,90,107,115,118,149,195,201,206,187,174,158,145,147,143,144,137,132,131,121,124,130,142,150,155,180,208,194,161,138,124,119,114,146,151,137,114,93,81,86,78,79,92,111,127,113,97,89,44
146,105,104,102,95,73,44,40,93,92,81,63,63,64,58,62,55,59,53,50,53,54,53,55,52,49,53,50,63,162,217,186,154,130,122,122,150,221,243,225,201,186,176,176,181,178,183,188,179,181,172,170,150,126,110,104,105,97,91,83,74,81,90,108,112,101,113,141,171,205,213,204,196,176,166,156,152,148,148,138,135,132,139,143,150,155,159,165,176,193,173,147,130,116,117,125,158,151,131,113,97,83,82,87,80,79,96,110,124,110,102,93
85,102,110,83,68,50,42,48,91,88,83,73,65,66,61,63,59,58,59,61,54,55,60,57,55,52,49,48,61,59,159,199,184,156,156,158,199,231,246,234,219,214,202,184,197,197,197,198,204,198,195,175,145,138,121,114,110,120,114,113,106,112,113,125,113,120,128,143,171,203,215,215,195,179,169,165,154,152,144,139,134,136,149,153,151,156,155,163,161,165,146,133,127,119,119,133,165,164,145,114,100,90,84,78,80,84,81,101,118,122,111,107
70,79,74,58,51,34,37,56,105,109,92,77,72,67,65,64,60,58,61,59,66,58,57,59,57,54,56,53,48,49,66,178,188,178,170,182,230,247,245,245,236,221,216,206,221,223,217,217,217,214,223,226,191,157,140,140,126,124,120,122,127,123,130,130,128,139,154,172,203,219,211,197,185,176,167,160,152,147,139,134,137,138,139,146,147,138,141,138,139,135,132,124,120,117,121,141,161,152,146,118,102,92,91,85,71,78,90,88,99,103,103,114
80,63,59,50,36,41,31,67,110,103,99,84,75,66,64,71,60,58,60,61,61,63,55,55,55,56,59,56,54,48,68,172,193,192,190,222,245,244,243,248,247,228,230,226,215,218,218,216,226,226,239,240,228,178,157,159,157,145,133,134,149,140,134,133,138,137,147,162,179,202,195,189,173,166,157,149,145,140,141,140,136,132,126,131,123,114,114,118,110,108,123,126,123,116,119,140,148,138,132,115,98,95,90,87,71,76,90,95,93,91,96,109
169,88,68,47,43,41,42,78,105,104,102,99,78,70,60,65,61,67,68,60,59,62,65,61,66,59,61,57,56,54,101,214,211,190,208,246,247,249,249,246,246,232,229,210,229,235,239,236,242,243,246,247,239,214,176,171,161,160,150,150,151,156,144,148,155,162,179,187,174,180,179,169,158,153,146,149,144,135,135,132,122,118,117,117,117,119,111,102,109,114,116,109,112,113,117,132,124,118,114,122,111,104,96,97,85,68,76,86,92,91,97,94
196,138,92,48,44,45,37,75,100,95,104,106,88,73,68,74,66,65,60,63,63,69,72,66,72,65,67,65,58,48,78,211,207,208,212,234,246,248,249,248,239,234,225,221,222,233,217,237,242,244,247,250,244,226,194,180,165,165,167,160,158,161,170,192,208,209,203,183,167,162,158,153,155,153,146,141,142,133,127,119,111,114,116,118,111,100,92,98,106,123,127,110,99,103,114,115,118,114,128,140,133,121,101,96,88,78,67,80,90,88,99,86
247,207,173,121,82,82,105,111,77,70,84,84,85,82,75,72,61,66,64,67,60,62,59,61,63,63,60,64,69,55,54,180,210,209,225,243,245,245,244,244,236,224,225,227,228,221,239,247,250,250,245,243,227,216,196,181,166,173,163,157,164,181,211,218,217,212,181,161,148,142,145,152,148,148,137,135,132,123,117,115,111,113,112,100,83,84,96,104,106,110,122,103,93,99,109,111,109,108,130,145,139,128,106,94,85,76,66,64,77,89,97,93
253,250,241,248,234,242,236,208,93,66,57,68,69,71,76,71,63,59,60,58,58,56,61,60,57,66,69,64,65,58,49,122,196,200,232,243,246,244,243,245,224,218,219,222,215,225,232,247,251,250,250,239,217,197,184,170,174,179,189,187,186,208,220,219,210,181,158,147,143,142,148,153,149,140,134,131,127,125,126,124,123,109,95,90,89,100,110,111,106,95,90,83,77,93,100,103,108,109,110,121,124,111,99,86,80,80,67,59,62,71,91,97
254,251,252,251,252,250,252,253,139,72,67,55,59,58,57,57,61,57,51,63,59,60,58,55,62,63,61,64,64,49,48,78,177,220,224,239,243,242,233,224,208,204,203,216,219,222,227,241,250,251,250,238,219,197,188,164,152,148,165,172,197,221,197,181,171,160,151,148,147,141,139,137,131,130,127,127,132,132,133,121,107,89,89,95,107,117,113,102,90,67,67,70,73,89,96,88,107,117,107,97,91,89,86,83,78,87,80,72,67,61,71,90
254,254,254,254,254,252,253,253,179,77,65,64,59,57,57,55,56,54,55,59,56,60,65,60,64,64,63,62,62,50,50,58,181,229,230,242,235,227,223,212,220,213,215,212,222,237,245,249,249,249,247,229,202,179,162,159,153,144,144,160,186,177,168,155,156,160,160,162,157,144,138,133,127,130,139,137,128,107,95,94,93,95,101,109,118,112,105,87,63,58,61,69,81,90,85,90,100,109,99,84,85,88,79,76,88,107,118,90,87,75,61,80
254,254,254,254,254,253,253,249,212,87,78,66,73,60,54,53,54,60,54,58,61,63,68,69,63,67,62,58,65,53,48,98,208,223,233,216,212,215,218,207,215,201,206,220,232,249,247,248,249,249,248,230,207,201,182,165,143,144,158,159,169,159,147,150,163,165,153,133,123,127,130,141,146,144,133,116,110,107,108,103,108,111,120,126,125,111,92,77,56,55,70,83,87,86,108,111,115,115,110,92,86,80,73,74,88,107,116,100,98,94,85,81
254,254,254,254,254,253,254,250,242,113,84,72,68,69,62,52,51,60,59,63,65,67,69,67,65,64,67,57,60,52,52,175,223,228,215,204,193,193,182,197,182,184,182,184,215,231,246,247,248,249,248,230,207,176,165,157,154,161,161,154,138,132,143,161,152,140,136,139,139,143,151,149,135,129,122,115,119,120,120,120,123,131,130,122,104,82,68,63,57,60,74,80,86,97,137,136,127,125,114,93,92,74,69,69,87,90,95,94,100,87,81,79
253,254,253,254,253,252,238,189,148,108,93,85,68,74,68,62,61,63,72,66,67,67,66,73,67,66,62,64,58,52,70,217,227,219,197,179,185,187,191,187,178,173,172,192,193,214,240,240,238,221,207,203,188,182,166,156,166,164,154,134,132,140,159,161,159,154,161,167,171,164,146,132,117,116,118,115,115,112,112,114,119,118,110,94,80,66,57,55,61,77,84,81,94,120,153,167,145,121,108,87,71,62,71,75,92,108,108,103,94,84,75,75
248,252,250,224,180,125,76,67,71,86,89,89,85,69,76,75,65,69,68,72,66,69,69,70,67,63,62,58,56,55,123,211,232,208,182,166,170,178,169,161,167,169,176,184,202,232,243,237,231,234,209,205,194,179,171,166,158,149,149,165,191,203,197,187,179,178,186,185,165,144,126,113,109,107,107,94,99,98,102,110,118,110,101,85,76,61,63,64,73,77,73,82,100,119,135,135,109,107,106,85,64,68,63,70,92,106,100,106,94,85,82,73
202,162,106,74,67,69,62,67,60,65,83,77,93,89,65,76,73,68,71,71,69,70,66,66,70,68,66,65,65,64,173,227,239,204,176,172,164,157,141,137,152,160,162,174,191,212,225,230,231,241,227,208,206,207,183,182,169,161,181,220,230,228,241,221,202,197,186,151,135,116,107,105,99,93,101,94,95,100,113,123,118,103,88,77,73,64,70,73,81,79,72,82,95,100,102,112,109,92,76,71,65,63,57,64,77,103,83,83,75,74,82,71
74,67,72,67,65,55,51,45,36,42,76,75,80,80,81,68,77,63,67,73,72,65,66,67,70,60,66,62,57,90,210,243,242,211,182,166,149,130,116,120,138,154,162,164,188,214,234,244,240,240,224,214,201,183,190,185,184,183,216,225,211,209,207,185,155,134,117,120,118,107,108,100,97,95,96,100,95,104,105,106,103,101,91,83,76,68,76,73,63,62,65,81,96,87,85,85,85,71,59,65,65,64,63,67,75,77,75,79,75,78,83,75
76,70,55,50,38,39,36,31,37,37,65,79,80,79,82,80,68,74,74,72,78,76,68,74,76,69,65,64,63,162,229,243,221,198,183,168,141,129,126,129,134,147,155,168,188,212,220,232,241,227,232,209,213,200,197,196,180,199,207,208,213,203,162,128,108,107,118,114,105,102,98,93,92,95,96,88,89,96,102,106,101,103,96,83,80,65,55,54,56,58,69,71,86,88,87,82,71,62,54,64,80,75,79,84,91,99,87,84,81,85,87,80
49,42,40,32,34,36,41,42,44,41,62,84,72,79,74,74,71,78,70,71,74,83,77,66,64,69,69,68,112,216,222,227,201,181,172,161,150,143,139,139,141,136,139,158,180,191,211,232,242,247,228,224,199,213,217,211,199,204,216,231,225,176,129,113,111,113,115,111,100,96,94,87,87,90,90,93,99,107,107,106,101,88,83,78,61,45,36,49,67,69,61,76,78,65,59,66,79,66,65,64,63,73,74,75,81,76,83,80,81,87,89,83
36,40,34,42,44,41,52,104,170,198,225,189,82,80,83,85,83,81,77,78,73,78,77,67,65,59,69,70,147,228,233,202,184,171,172,162,162,158,155,156,152,146,142,141,159,176,203,217,240,251,251,235,198,181,182,211,206,209,199,213,182,133,103,106,108,110,104,99,95,88,92,94,94,96,93,109,109,112,109,105,96,79,78,64,59,44,40,45,51,69,75,69,69,60,57,57,67,63,66,59,69,79,87,74,69,61,56,62,77,84,88,98
36,40,49,103,158,193,235,250,250,246,241,233,136,87,83,83,84,84,82,80,81,70,71,74,65,67,70,75,151,221,208,168,154,158,164,169,170,159,156,167,171,162,157,145,154,158,180,206,247,251,247,246,233,223,217,209,199,197,204,200,148,111,95,101,106,103,93,105,97,96,104,101,109,104,112,116,114,117,108,97,89,67,65,61,55,48,52,48,46,56,69,78,69,60,58,54,63,63,63,70,83,86,74,78,66,61,54,69,88,101,102,106
156,208,238,249,246,249,249,251,234,241,243,236,216,102,83,84,81,87,77,83,74,70,72,75,71,58,62,66,168,203,160,129,126,151,169,173,172,175,175,181,171,152,138,129,136,160,175,222,244,249,252,252,230,232,207,229,197,185,171,154,124,104,105,104,105,108,121,101,109,112,109,117,118,116,123,121,119,114,101,87,75,73,64,59,60,56,54,53,56,59,62,78,73,81,68,81,75,82,87,94,90,84,66,58,69,76,78,99,106,107,113,119
246,250,249,251,245,240,239,252,242,243,239,223,202,154,94,83,83,86,86,81,77,68,75,75,71,56,55,60,160,219,164,129,116,125,145,150,159,164,159,141,130,117,108,106,99,92,143,198,239,252,253,252,251,243,237,218,207,197,204,166,141,118,119,119,119,118,120,116,117,108,115,122,115,121,124,118,113,103,94,79,68,67,65,66,64,68,61,59,57,64,67,66,78,84,95,90,91,98,108,115,100,79,75,71,75,85,101,111,124,136,141,140
44,127,234,244,243,245,245,234,230,235,234,237,223,220,124,87,80,82,79,82,75,72,81,69,68,64,64,55,122,208,152,127,100,111,112,125,133,136,136,132,115,102,88,84,93,97,150,195,243,253,253,253,250,235,232,188,198,189,169,144,122,115,130,125,125,132,127,120,115,106,117,115,110,109,107,100,95,80,75,71,65,69,76,80,75,71,64,59,65,68,69,66,69,80,95,97,102,112,116,99,77,58,67,78,89,105,123,133,146,153,154,154
39,38,67,229,239,245,235,231,227,222,221,212,212,200,162,99,86,86,79,74,73,70,63,66,68,65,62,60,91,186,166,130,90,80,88,85,85,93,89,95,92,84,78,71,74,106,163,198,246,252,241,233,230,213,186,193,173,180,137,122,113,122,126,125,123,126,128,126,123,112,114,108,105,103,96,91,80,62,67,59,68,71,82,82,76,75,76,75,77,76,71,85,112,126,124,122,118,127,123,96,69,56,78,100,115,133,151,147,145,145,151,147
42,36,77,192,228,238,233,225,223,211,197,180,172,164,147,114,93,91,76,74,70,69,64,64,61,58,55,53,59,159,219,168,117,98,84,79,75,69,71,71,71,80,79,76,83,127,177,210,248,233,222,222,231,218,188,173,172,134,110,95,104,108,106,106,114,124,124,130,130,124,127,110,103,99,90,83,69,61,61,70,74,81,73,85,76,79,86,91,84,81,90,98,117,128,127,136,137,132,127,99,84,79,96,113,139,155,166,164,163,153,150,155
39,37,71,186,210,205,194,186,165,153,145,146,138,135,136,114,75,72,65,59,51,44,38,33,36,36,37,36,39,95,206,225,165,132,109,106,105,94,72,55,48,61,71,77,116,138,160,185,204,200,207,209,208,169,165,155,128,115,110,106,108,102,98,97,104,120,121,125,127,119,115,101,90,88,81,77,62,64,59,79,87,107,105,104,97,88,89,86,94,104,121,120,124,128,135,128,125,118,95,83,93,104,117,134,162,187,181,173,153,149,156,150
38,37,70,112,121,136,143,144,143,141,136,138,141,136,140,128,69,50,46,41,35,37,38,40,37,37,33,34,38,43,124,206,219,184,161,127,113,109,102,87,78,76,99,132,147,159,183,182,196,199,190,181,183,184,169,141,118,105,112,110,106,103,94,93,98,108,107,112,117,107,104,93,82,75,76,58,58,71,77,86,98,127,127,117,112,105,97,97,95,99,112,123,138,129,113,102,87,74,75,83,105,123,143,167,190,191,183,174,157,156,155,160
37,44,72,100,108,108,107,113,127,135,145,150,157,160,174,185,123,56,58,54,58,60,61,63,58,54,45,37,37,40,52,114,174,196,180,190,184,175,177,167,159,156,148,139,140,148,164,173,173,173,171,179,173,153,132,118,107,95,88,88,96,101,99,93,89,92,99,103,103,93,84,77,70,70,64,63,75,84,94,105,111,121,134,117,107,104,103,103,115,124,137,131,120,110,95,81,80,85,103,118,126,149,166,171,186,193,174,158,162,161,170,167
64,80,95,96,103,113,115,130,133,157,181,191,192,202,189,192,168,117,77,63,62,54,48,56,52,63,55,60,41,44,37,52,50,80,90,119,134,141,156,182,202,208,194,178,165,155,162,168,172,178,160,144,117,107,107,110,108,102,86,80,85,84,86,90,85,85,88,83,78,71,71,65,64,66,63,81,89,99,110,123,131,129,126,123,119,107,102,105,114,140,123,108,90,81,79,83,103,110,125,139,159,172,190,181,190,185,184,178,178,176,172,173
107,110,120,135,150,164,175,182,178,179,190,195,184,185,183,182,138,92,83,71,66,67,68,63,59,57,58,66,57,49,45,38,38,37,39,64,90,75,76,83,120,161,187,191,183,173,168,162,159,142,134,114,103,98,98,108,116,107,101,89,75,70,66,65,62,61,61,61,61,59,56,61,62,65,73,86,98,105,119,126,153,156,159,144,123,108,107,112,109,95,81,78,81,84,92,116,128,133,145,152,165,185,195,216,198,186,182,179,175,174,176,175
183,190,175,178,193,195,192,200,192,192,195,193,205,179,197,192,126,80,81,82,75,74,75,74,68,73,71,67,58,58,52,48,47,43,35,66,83,72,69,70,92,155,200,200,186,163,155,155,156,144,137,123,113,107,109,109,101,104,95,94,88,84,84,73,66,63,61,55,61,63,66,80,84,86,100,106,107,111,129,157,161,164,158,143,111,101,91,87,83,80,82,88,98,102,116,134,136,151,143,145,162,180,189,199,196,191,192,187,177,180,174,172
207,196,197,194,195,193,193,195,188,188,191,189,188,180,192,194,151,91,80,75,75,70,62,57,60,66,66,67,69,68,58,55,51,45,44,73,85,79,73,73,89,148,205,212,208,180,159,157,163,162,159,147,130,122,109,101,96,100,100,98,95,92,92,91,85,79,69,64,69,78,88,97,101,108,111,106,119,126,135,144,144,137,135,120,101,94,74,77,80,77,96,107,119,122,135,132,157,140,138,154,167,181,191,203,211,201,189,188,187,182,176,148
232,226,202,203,208,204,202,199,201,191,192,193,187,189,199,174,123,98,83,79,76,74,72,68,62,55,57,56,55,62,63,64,59,60,45,74,83,81,79,74,87,127,197,214,218,199,185,176,182,171,164,148,125,122,119,110,101,98,96,98,99,100,96,98,96,90,84,83,98,98,104,108,112,122,126,135,139,141,145,128,123,117,100,89,77,77,72,82,80,89,105,120,121,125,135,129,133,138,151,170,173,178,191,199,198,196,192,191,184,184,180,155
243,228,223,230,218,215,211,213,194,201,194,205,209,192,176,149,99,91,104,78,72,72,66,69,68,64,63,60,60,63,63,67,64,69,62,87,85,82,87,77,81,104,179,215,220,207,199,188,179,164,146,132,131,128,125,121,111,107,108,105,107,105,105,103,101,107,100,105,106,110,117,125,136,134,148,150,143,135,121,115,106,101,95,83,77,80,78,89,89,95,106,121,124,127,129,139,139,143,160,172,182,183,189,192,194,196,190,190,171,175,165,150
239,249,228,208,209,212,212,205,200,199,190,194,183,182,150,138,118,81,92,92,83,81,74,65,68,72,72,66,66,62,59,62,58,62,66,82,81,87,86,82,83,100,155,208,211,211,206,189,172,159,151,148,139,130,127,124,121,123,121,121,117,112,112,116,115,115,121,122,123,126,129,134,143,134,128,132,119,113,98,97,89,89,89,90,81,88,87,89,97,112,115,122,128,137,140,149,159,168,175,175,184,191,198,203,201,193,201,202,200,172,157,142
249,239,222,216,216,214,206,200,197,192,177,173,183,157,133,120,132,135,89,91,89,90,73,75,75,71,74,66,71,69,66,58,62,62,68,85,83,86,86,82,88,88,109,174,207,209,196,181,170,179,200,192,157,135,135,137,135,138,139,139,134,128,122,125,119,123,119,123,123,130,130,130,124,119,112,100,103,94,87,84,83,91,97,96,93,93,103,96,102,117,130,142,149,157,164,177,186,191,188,195,198,200,193,203,214,217,208,199,183,158,138,145
249,248,236,234,235,210,218,210,193,183,181,188,161,131,124,129,111,130,140,103,76,85,82,79,68,67,63,62,72,68,67,65,55,66,59,52,80,97,93,88,86,84,91,139,190,205,205,200,199,211,198,163,141,138,153,160,175,166,162,153,142,139,137,137,133,128,117,121,113,116,114,115,111,98,89,82,86,87,87,78,76,89,95,90,103,107,122,129,138,140,139,159,179,183,187,191,197,202,211,207,208,214,211,206,207,198,197,193,172,149,133,147
248,250,251,238,225,226,216,208,208,206,190,220,200,125,112,116,121,112,99,128,137,115,80,71,84,85,70,66,52,62,63,69,56,57,53,62,59,61,84,97,89,87,85,106,170,202,228,241,237,229,216,194,168,156,152,158,172,177,172,164,151,146,141,138,135,125,125,122,115,111,106,110,99,85,72,77,76,80,87,84,79,83,93,104,117,123,128,140,159,164,182,199,196,194,202,196,201,205,213,206,200,188,188,191,190,199,195,178,168,149,138,142
252,251,253,253,246,239,231,242,236,226,243,253,250,181,124,118,110,109,102,103,101,101,107,96,79,68,62,66,62,59,61,61,69,61,54,49,47,41,85,81,76,90,84,85,128,196,226,241,248,247,240,210,193,179,173,182,183,183,188,182,176,169,160,154,143,130,121,115,114,100,90,93,84,74,71,69,63,69,81,92,107,111,123,135,159,160,167,180,193,199,203,208,197,205,200,202,211,208,200,206,210,212,210,208,197,190,183,170,157,150,144,161
253,253,252,252,251,253,252,252,252,253,254,252,253,253,181,123,117,112,98,113,109,86,82,69,80,90,91,89,83,69,65,64,63,64,58,58,74,150,248,171,75,75,84,85,95,123,180,215,248,252,248,246,231,211,205,205,192,187,193,192,194,183,180,168,153,147,143,136,131,120,110,98,75,70,72,79,74,83,99,115,124,138,159,169,184,186,191,203,213,214,212,209,195,198,205,200,196,199,192,187,199,210,210,211,202,192,182,168,147,147,151,164
253,253,253,253,254,255,255,255,254,254,254,254,254,250,252,228,137,109,101,100,88,75,76,81,79,79,76,56,67,77,78,86,81,79,63,66,114,249,252,193,98,96,92,91,92,84,135,215,246,250,251,249,248,241,227,213,202,190,186,189,185,181,172,165,155,149,149,148,138,125,115,102,97,104,100,100,100,118,133,134,154,166,176,184,199,205,211,210,201,204,199,194,198,202,205,208,210,209,211,213,207,210,198,194,201,197,169,161,157,161,166,169
254,254,254,254,254,254,254,254,254,254,254,254,254,254,254,250,248,170,114,102,83,74,74,74,72,73,75,77,76,73,75,70,69,58,52,55,220,252,250,233,128,104,88,88,90,86,101,178,226,246,252,251,249,248,247,245,227,205,193,186,177,178,175,174,159,160,167,166,160,147,137,133,129,132,123,127,132,144,151,155,170,183,191,200,202,215,221,218,213,206,198,197,198,202,210,216,208,204,207,205,197,202,205,193,168,164,161,149,138,137,156,175
254,254,254,254,254,254,254,254,254,254,254,254,254,254,254,253,254,253,249,210,153,115,92,75,73,66,75,77,72,73,71,72,66,74,92,123,238,250,254,238,233,250,158,89,66,59,78,143,210,235,251,252,253,253,252,250,248,240,226,210,202,197,188,176,170,169,172,168,164,158,155,148,149,150,144,147,155,151,162,167,179,181,193,195,201,204,205,208,211,211,206,208,205,198,201,208,206,207,202,204,201,200,202,197,186,178,165,159,149,151,162,162
254,254,254,254,254,254,254,254,254,254,254,254,254,254,254,254,254,254,254,254,254,254,249,237,214,206,183,160,144,137,127,137,135,142,148,245,254,252,253,253,186,232,237,188,143,108,89,90,160,219,248,252,251,250,251,251,252,251,248,244,240,226,200,185,176,171,167,168,163,162,155,161,168,167,165,158,160,160,168,177,183,187,186,187,201,213,219,217,218,213,209,197,192,190,192,199,203,210,208,211,210,197,191,194,179,177,178,167,152,150,157,171
254,254,254,254,254,254,254,254,254,254,254,254,254,254,254,254,254,254,254,254,254,253,247,252,254,240,204,170,151,146,150,148,145,152,252,254,255,253,252,236,189,207,248,207,223,178,144,119,113,202,220,249,249,253,254,253,252,251,251,249,247,248,231,217,200,201,195,190,184,183,173,166,169,168,171,171,173,168,169,169,181,183,190,188,187,194,206,214,216,211,205,198,200,200,203,202,207,216,216,213,206,206,198,194,199,177,167,163,170,177,173,181
254,254,254,254,254,254,254,254,254,254,254,254,254,254,254,254,254,254,254,254,252,254,253,237,188,160,154,154,150,152,150,143,146,247,248,254,254,254,250,218,195,192,202,234,251,248,198,158,139,187,197,238,249,251,251,251,251,251,251,251,248,245,239,233,236,244,245,244,244,241,225,203,188,180,182,181,185,179,171,173,178,175,176,187,195,195,196,208,213,214,212,210,203,195,197,200,210,213,206,200,191,190,206,208,208,183,181,173,173,189,203,194
254,254,254,254,254,254,254,254,254,254,254,254,254,254,254,254,254,254,254,254,254,252,245,190,163,150,152,150,145,135,129,137,251,254,247,254,254,254,249,229,195,210,224,239,242,245,250,223,160,192,191,209,226,237,246,248,248,248,250,249,249,237,213,204,189,195,224,242,248,251,249,247,247,241,225,207,204,196,189,180,167,174,172,176,184,196,200,211,213,210,206,209,203,208,204,200,204,206,210,204,209,209,200,212,214,205,162,193,204,214,197,202
254,254,254,254,254,254,254,254,254,254,254,254,254,254,254,254,254,254,254,254,242,210,176,162,150,139,127,113,115,121,207,251,253,254,254,254,254,254,254,243,218,236,224,231,216,243,252,253,250,208,192,176,177,197,227,249,251,252,253,252,246,243,215,205,193,185,187,183,189,216,230,234,240,240,245,248,250,230,195,185,182,177,174,181,186,193,204,215,220,219,210,208,198,198,203,210,213,208,206,203,193,198,204,197,211,201,183,202,216,214,220,219
254,254,254,254,254,254,254,254,254,254,254,254,254,254,254,254,254,250,252,234,207,187,171,147,134,141,151,152,183,243,254,254,254,254,254,254,254,254,254,254,245,216,225,235,201,220,252,251,251,236,190,172,161,158,178,244,252,253,253,253,252,251,246,223,209,204,189,185,175,171,165,166,176,177,173,187,211,238,220,193,178,169,176,179,186,194,205,214,217,221,213,208,213,208,199,202,201,211,209,207,210,208,198,204,211,191,184,209,202,204,218,223
254,254,254,254,254,254,254,254,254,254,254,254,254,254,254,254,254,251,246,226,203,183,167,152,155,162,161,212,254,254,254,254,254,254,254,254,254,254,254,254,252,249,247,216,211,248,251,245,218,224,186,170,161,155,165,189,229,251,252,253,253,252,251,247,237,214,203,199,189,184,177,167,159,160,181,201,195,188,170,163,166,164,168,178,182,188,196,201,204,205,213,204,196,193,214,201,178,186,201,199,195,201,206,201,194,181,177,202,217,222,212,216
254,254,254,254,254,254,254,254,254,254,253,254,254,255,254,254,254,245,221,214,192,166,156,181,169,207,251,255,254,254,254,254,254,254,254,254,254,254,254,254,250,250,237,215,233,248,241,230,200,193,184,168,170,152,148,144,166,216,218,228,244,251,250,249,248,248,232,211,197,190,192,179,176,166,162,186,210,213,196,173,154,148,146,164,177,181,183,187,192,204,204,190,179,184,186,189,181,176,186,193,202,202,185,174,182,171,179,181,199,213,215,221
254,254,254,254,254,254,254,254,254,254,254,254,254,254,254,250,246,226,204,181,173,180,181,210,250,253,252,254,254,254,254,254,254,254,254,254,254,254,254,254,252,245,251,247,251,225,212,199,187,203,184,165,162,155,142,140,146,155,162,155,148,174,219,244,250,249,249,235,209,197,184,177,169,162,161,160,181,202,206,209,174,136,131,141,156,172,177,179,177,176,178,180,175,175,172,177,185,182,178,173,172,163,149,141,146,175,186,178,181,201,209,194
254,254,254,254,254,254,254,254,254,254,254,254,254,249,248,241,217,181,184,182,194,236,254,255,253,254,254,254,254,254,254,254,254,254,254,254,254,254,255,253,242,214,246,240,196,210,217,208,202,197,186,170,162,165,145,142,144,151,156,155,139,136,128,121,201,250,250,246,234,212,204,193,181,169,164,162,166,172,173,170,155,134,137,135,148,166,172,181,171,171,168,167,163,161,165,173,164,165,169,160,146,137,135,144,158,168,174,178,181,179,183,159
254,254,254,254,254,254,254,254,254,254,254,254,253,239,208,187,180,182,222,253,253,252,251,254,253,254,254,254,254,254,254,254,254,254,254,254,254,254,254,255,219,207,214,197,194,209,205,197,200,192,189,174,165,155,152,143,140,150,157,147,142,139,121,106,107,156,232,248,245,227,209,203,195,185,177,172,172,174,171,166,155,142,137,128,134,148,161,168,169,166,168,173,172,171,168,166,169,164,149,133,120,123,138,152,167,179,183,182,172,156,148,130
252,253,251,253,252,253,254,252,252,243,218,200,183,183,184,202,243,252,251,253,254,254,254,254,254,254,254,254,254,254,254,254,254,254,254,254,254,254,253,216,196,201,221,220,214,205,206,201,195,196,191,173,163,153,157,145,141,154,155,147,137,131,120,112,111,103,101,183,241,239,217,208,206,203,189,172,163,164,168,173,172,164,154,148,136,137,146,158,155,151,153,155,154,159,164,168,160,149,129,114,122,124,127,142,153,160,157,124,107,99,94,82
132,157,173,183,192,196,189,175,173,180,189,206,226,235,253,253,252,249,255,254,254,254,254,254,254,254,254,254,254,254,254,254,254,254,254,254,254,254,246,189,184,214,220,220,220,213,203,198,189,192,185,172,161,158,148,141,139,151,154,147,139,128,113,109,105,98,73,65,119,190,216,204,200,206,204,198,179,172,171,176,168,174,167,163,154,153,151,169,170,163,154,143,149,145,146,147,141,129,124,129,129,137,142,139,145,135,70,53,54,52,69,61
220,202,186,187,178,194,209,219,226,238,243,253,253,255,255,254,254,254,254,254,254,254,254,254,254,254,254,254,254,254,254,254,254,254,254,254,254,254,245,196,202,220,216,220,219,210,206,197,183,190,188,179,163,154,144,139,141,151,150,144,141,132,119,111,101,82,71,78,80,83,107,152,186,195,196,204,210,200,187,184,178,170,182,179,169,161,161,158,163,166,171,161,160,156,145,148,138,141,149,153,152,156,156,153,141,72,44,41,43,52,61,56
254,254,254,254,254,252,253,254,254,254,254,254,254,254,254,254,254,254,254,254,254,254,254,254,254,254,254,254,254,254,254,254,254,254,254,254,254,254,230,203,205,226,220,216,218,211,204,199,188,178,190,180,166,157,139,136,143,148,147,146,136,125,111,94,82,80,81,78,72,77,74,83,107,164,176,186,192,187,195,197,189,183,188,198,184,174,169,154,161,165,172,172,169,159,152,149,159,169,180,179,179,171,163,155,129,70,54,56,50,54,50,53
254,254,254,254,254,254,253,253,254,254,254,254,254,254,254,254,254,254,254,254,254,254,254,254,254,254,254,254,254,254,254,254,254,254,254,254,254,254,243,212,211,206,216,214,211,203,194,178,171,172,193,186,162,152,143,135,141,146,143,143,133,116,94,87,90,91,80,82,84,83,81,83,82,98,146,161,177,179,185,184,181,184,197,199,189,188,181,177,167,160,161,164,169,170,165,164,174,181,183,182,180,182,177,168,142,79,55,51,49,42,38,42
254,254,254,254,254,254,254,254,254,254,254,254,254,254,254,254,254,254,254,254,254,254,254,254,254,254,254,254,254,254,254,254,254,254,254,254,254,254,254,218,232,226,207,190,178,178,173,166,163,168,198,173,163,148,140,134,142,142,142,134,130,114,100,96,93,95,91,88,89,85,84,91,82,83,101,122,155,167,184,178,168,175,176,168,174,175,175,174,178,163,162,162,160,166,167,173,181,169,161,166,166,172,178,184,131,45,42,34,36,41,34,41
254,254,254,254,254,254,254,254,254,254,254,254,254,254,254,254,254,254,254,254,254,254,254,254,254,254,254,254,254,254,254,254,254,254,254,254,254,254,254,211,226,216,203,187,177,160,160,154,156,166,192,178,160,147,139,134,142,142,143,134,122,110,104,100,100,98,96,94,88,94,88,92,92,88,97,101,113,118,164,180,171,166,156,148,161,171,165,164,176,167,164,165,164,173,176,173,164,177,176,176,179,195,212,177,92,77,85,88,85,69,62,72
254,254,254,254,254,253,253,253,254,254,254,254,254,254,254,254,254,254,254,254,254,254,254,254,254,254,254,254,254,254,254,253,251,252,252,253,255,254,252,200,202,194,182,172,162,155,156,153,144,148,187,170,158,144,136,139,146,143,140,139,124,108,97,101,104,104,103,99,95,100,99,103,104,103,105,99,101,103,119,174,160,156,158,150,158,166,162,164,167,166,174,165,155,150,153,165,185,190,183,179,192,201,192,138,112,113,119,122,119,127,134,132
254,254,254,254,254,253,253,253,254,254,254,254,254,254,254,254,254,254,254,254,254,254,254,254,254,254,254,254,254,254,253,253,252,250,246,243,231,218,211,191,182,172,169,160,156,142,127,117,116,138,183,168,156,142,133,140,142,143,136,132,114,109,103,107,106,104,106,101,101,103,102,106,111,107,99,99,108,104,111,141,137,132,146,146,152,167,164,165,166,158,155,154,158,160,162,173,179,189,195,200,212,214,167,127,123,137,136,143,146,157,167,167
254,254,254,254,254,254,254,254,254,251,252,253,253,254,254,254,254,254,254,254,254,254,254,254,254,254,254,254,254,254,253,252,245,236,228,226,216,188,176,176,171,170,161,141,127,116,112,121,126,139,180,163,149,140,137,138,143,141,141,132,118,106,99,108,115,112,109,106,103,105,109,111,109,108,104,105,110,109,114,120,114,110,124,131,140,161,159,167,166,169,161,158,161,164,175,181,192,204,215,217,214,183,142,126,123,136,153,160,174,186,188,193
254,254,254,254,254,254,254,254,254,252,238,237,252,253,253,254,252,253,254,254,254,254,254,254,254,252,254,252,253,254,251,234,223,199,182,183,186,179,179,169,152,135,117,114,123,123,126,126,125,135,169,160,147,138,133,130,136,138,132,131,136,132,118,111,112,117,113,113,107,109,115,114,112,112,116,111,109,111,113,109,108,109,115,116,126,158,162,163,159,156,147,148,152,156,167,180,181,187,194,196,184,159,148,134,123,131,151,174,190,196,209,211
254,254,254,254,254,254,254,254,254,254,252,230,182,248,252,252,254,253,253,252,254,254,254,253,253,247,241,244,228,216,207,195,203,193,187,178,172,162,139,129,121,122,124,129,130,130,138,138,146,153,165,152,137,137,133,126,132,134,126,137,151,143,137,140,137,127,137,136,134,135,127,125,120,120,124,124,130,128,125,130,121,120,123,115,120,157,166,166,161,153,143,147,155,160,169,182,192,189,188,187,173,157,144,136,131,141,158,180,197,209,209,220
255,253,254,254,254,254,254,254,254,254,252,253,248,178,162,201,240,247,251,250,248,246,247,244,242,240,237,231,217,200,197,180,171,160,148,137,130,131,132,140,139,136,140,138,158,164,161,177,190,177,166,153,145,132,130,131,123,129,135,146,187,179,158,155,157,161,148,148,156,159,153,146,143,147,150,146,141,145,143,142,138,130,132,129,140,157,166,164,161,155,149,147,154,162,164,171,176,181,196,180,163,149,133,117,124,130,145,171,192,204,221,232
254,253,254,254,254,254,254,254,254,254,253,253,253,248,231,176,128,132,158,178,192,203,205,202,187,184,186,184,169,159,149,142,142,139,140,147,155,164,169,185,192,199,201,197,202,183,200,199,198,190,160,154,143,142,138,135,131,121,124,154,193,185,188,183,165,167,173,177,186,187,174,170,172,171,165,163,159,155,158,157,156,157,149,142,140,156,164,163,160,155,150,150,151,155,164,167,176,188,194,177,167,151,124,110,107,110,125,145,172,196,207,220
254,254,254,254,254,253,255,254,254,254,254,254,253,254,252,249,247,224,201,191,181,175,174,164,163,166,172,162,184,189,185,193,202,201,197,209,206,213,213,211,220,215,216,208,213,201,191,206,213,181,159,150,147,143,140,138,131,127,134,161,196,199,190,189,192,191,182,190,196,184,172,176,178,180,177,180,174,168,168,162,162,163,158,154,153,162,162,161,162,156,156,155,156,160,161,163,180,194,192,176,169,147,129,119,110,107,104,113,151,181,196,205
